MNIST CNN Classification Report
================================

Weighted Precision: 0.9930
Weighted Recall:    0.9930
Weighted F1-Score:  0.9930

Detailed Classification Report:
--------------------------------
              precision    recall  f1-score   support

           0     0.9929    0.9990    0.9959       980
           1     0.9939    1.0000    0.9969      1135
           2     0.9980    0.9884    0.9932      1032
           3     0.9950    0.9950    0.9950      1010
           4     0.9949    0.9939    0.9944       982
           5     0.9899    0.9922    0.9910       892
           6     0.9958    0.9927    0.9942       958
           7     0.9827    0.9971    0.9899      1028
           8     0.9990    0.9825    0.9907       974
           9     0.9881    0.9881    0.9881      1009

    accuracy                         0.9930     10000
   macro avg     0.9930    0.9929    0.9929     10000
weighted avg     0.9930    0.9930    0.9930     10000
